"","GW3005","GW3010","GW3014","GW3018","GW3030","GW3047","GW3065","GW3068","GW3074","GW3077","GW3078","GW3092","GW3107","GW3108","GW3119","GW3122","GW3123","GW3124","GW3125","GW3127","GW3134","GW3145","GW3217","GW3232","GW3233","GW3234","GW3236","GW3240","GW3246","GW3248","GW3250","GW3257","GW3265","GW3294","GW3314","GW3320","GW3364","GW3387","GW3389","GW3390","GW3405","GW3406","GW3407","GW3409","GW3410","GW3413","GW3415","GW3420","GW3430","GW3443","GW3448","GW3479","GW3487","GW3488","GW3490","GW3491","GW3496","GW3523","GW3528","GW3543","GW3574","GW3576","GW3582","GW4082","GW4094","GW4109","GW4146","GW4147","GW4187","GW4191","GW4193","GW4194","GW4229","GW4246","GW4249","GW4253","GW4283","GW4284","GW4285","GW4286","GW4293","GW4298","GW4299","GW4301","GW4305","GW4310","GW4339","GW4340","GW4374","GW4377","GW4409","GW4420","GW4431","GW4433","GW4434","GW4436","GW4439","GW4440","GW4476","GW4507","GW5796","GW5831","GW5850","GW5854","GW5871","GW5876","GW5878","GW5888","GW5889","GW5894","GW5907","GW5910","GW5915","GW5926","GW5930","GW5936","GW5943","GW5967","GW5970","GW5973","GW5998","GW6015","GW6016","GW6018","GW6026","GW6053","GW6084","GW6114","GW6134","GW6139","GW6141","GW6169","GW6176","GW6186","GW6193","GW6197","GW6202"
"GW3005",0,0.4844760830611,0.4125470094611,0.4835201078171,0.0067007335179,0.4707307433211,0.5018302985731,0.5188151891518,0.4922963956341,0.4861380813411,0.5191977937591,0.6977143620211,0.4708649722291,0.4727704787051,0.4332455087651,0.4416789718801,0.4568165319911,0.6765797867211,0.5187165230411,0.5498600306011,0.5201433440321,0.5940125801591,0.5259385281061,0.5359999907141,0.5414266767931,0.5318494675171,0.5680626759741,0.5386502922671,0.5333307024121,0.5366584450711,0.5717238773901,0.6573330574261,0.6590207593961,0.6657622616611,0.008051928,0.5300799210671,0.5247249212571,0.6225661539511,0.5592948160061,0.5434802306681,0.5652402478531,0.5335090836681,0.5684723770262,0.5671781130982,0.5651001977781,0.5700494001712,0.7576081015011,0.5722596149402,0.5247392110241,0.6075300461711,0.7135791624011,0.5267681157751,0.5280382600141,0.6079994991481,0.5637587097021,0.5262530802701,0.6231951949211,0.4758855945211,0.5303494685071,0.5249921807321,0.5600633064291,0.4074282301611,0.4118515819711,0.4582232810931,0.5321999905411,0.5900840173551,0.5869153262341,0.5116172977391,0.5844392102401,0.4380984770911,0.0073554836321,0.0060146607085,0.5059152521611,0.5887298643301,0.5917394646551,0.5832429103331,0.0083904059948,0.4554111939101,0.5490820902111,0.4560351229461,0.5142902961831,0.5036228946821,0.4987149791461,0.5308673187411,0.4310445335711,0.5005085378661,0.5868482504321,0.5342090836061,0.4491282994921,0.5440244607011,0.5720649317051,0.4040488955211,0.3971375916011,0.5028051297501,0.5191781791201,0.4945315006531,0.4510833687111,0.4844330942101,0.5167974485991,0.5882714739041,0.4450027555161,0.5157332250291,0.4552004983041,0.5315566292101,0.5207281765901,0.5574143789701,0.5709983968411,0.5562899029471,0.5053366012381,0.6066065118161,0.5546150432511,0.6804199402511,0.6503240136011,0.5194402437998,0.7251088661611,0.5782472527051,0.6489459218611,0.5205153585701,0.4784484792271,0.4489006386101,0.5232504885381,0.6823103584511,0.4480137785871,0.5817942798021,0.4375490826291,0.4873938094011,0.5216501427821,0.4964673266491,0.5025858941611,0.5221829392401,0.5467774440221,0.6067434761081,0.6198507174811,0.6134133776111,0.4993394569211,0.4468260406841,0.5759026354282
"GW3010",0.4844760830611,0,0.4978771604,0.360997012556,0.4817385359952,0.4150873532,0.446186908452,0.4631717990307,0.436653005513,0.07687899606,0.463554403638,0.69536406858,0.348341876968,0.350247383444,0.430895215324,0.439328678439,0.08475701073,0.46308122016,0.30521795648,0.33636146404,0.464499953911,0.591662286718,0.470295137985,0.533649697273,0.539076383352,0.529499174076,0.565712382533,0.536299998826,0.530980408971,0.53430815163,0.569373583949,0.601689667305,0.603377369275,0.61011887154,0.4859199725151,0.527729627626,0.522374627816,0.62021586051,0.556944522565,0.541129937227,0.562889954412,0.531158790227,0.5661220835851,0.5648278196571,0.562749904337,0.5676991067301,0.75525780806,0.5699093214991,0.522388917583,0.60517975273,0.71122886896,0.524417822334,0.525687966573,0.605649205707,0.561408416261,0.523902786829,0.62084490148,0.02960717954,0.527999175066,0.522641887291,0.557713012988,0.4927583811,0.49718173291,0.455872987652,0.47655660042,0.587733723914,0.584565032793,0.509267004298,0.582088916799,0.43574818365,0.481227407895,0.4820692939246,0.45027186204,0.586379570889,0.589389171214,0.580892616892,0.4779775943337,0.453060900469,0.49343870009,0.453684829505,0.511940002742,0.447979504561,0.443071589025,0.47522392862,0.30852143831,0.444865147745,0.584497956991,0.478565693485,0.446778006051,0.48838107058,0.516421541584,0.40169860208,0.39478729816,0.447161739629,0.463534788999,0.492181207212,0.44873307527,0.482082800769,0.514447155158,0.532628083783,0.442652462075,0.513382931588,0.452850204863,0.475913239089,0.518377883149,0.555064085529,0.5686481034,0.553939609506,0.449693211117,0.550963121695,0.55226474981,0.67806964681,0.64797372016,0.4637968536787,0.72275857272,0.522603862584,0.64659562842,0.518165065129,0.422805089106,0.446550345169,0.467607098417,0.67996006501,0.445663485146,0.579443986361,0.435198789188,0.36487071414,0.519299849341,0.440823936528,0.44694250404,0.519832645799,0.544427150581,0.551100085987,0.61750042404,0.61106308417,0.49698916348,0.444475747243,0.5735523419871
"GW3014",0.4125470094611,0.4978771604,0,0.496921185156,0.4098094623952,0.48413182066,0.515231375912,0.5322162664907,0.505697472973,0.49953915868,0.532598871098,0.71111543936,0.484266049568,0.486171556044,0.446646586104,0.455080049219,0.47021760933,0.68998086406,0.53211760038,0.56326110794,0.533544421371,0.607413657498,0.539339605445,0.549401068053,0.554827754132,0.545250544856,0.581463753313,0.552051369606,0.546731779751,0.55005952241,0.585124954729,0.670734134765,0.672421836735,0.679163339,0.4139908989151,0.543480998406,0.538125998596,0.63596723129,0.572695893345,0.556881308007,0.578641325192,0.546910161007,0.5818734543651,0.5805791904371,0.578501275117,0.5834504775101,0.77100917884,0.5856606922791,0.538140288363,0.62093112351,0.72698023974,0.540169193114,0.541439337353,0.621400576487,0.577159787041,0.539654157609,0.63659627226,0.48928667186,0.543750545846,0.538393258071,0.573464383768,0.0522632619,0.05668661371,0.471624358432,0.54560106788,0.603485094694,0.600316403573,0.525018375078,0.597840287579,0.45149955443,0.409298334295,0.4101402203246,0.5193163295,0.602130941669,0.605140541994,0.596643987672,0.4060485207337,0.468812271249,0.56248316755,0.469436200285,0.527691373522,0.517023972021,0.512116056485,0.54426839608,0.44444561091,0.513909615205,0.600249327771,0.547610160945,0.462529376831,0.55742553804,0.585466009044,0.41744997286,0.41053866894,0.516206207089,0.532579256459,0.507932577992,0.46448444605,0.497834171549,0.530198525938,0.601672551243,0.458403832855,0.529134302368,0.468601575643,0.544957706549,0.534129253929,0.570815456309,0.58439947418,0.569690980286,0.518737678577,0.620007589155,0.56801612059,0.69382101759,0.66372509094,0.5328413211387,0.7385099435,0.591648330044,0.6623469992,0.533916435909,0.491849556566,0.462301715949,0.536651565877,0.69571143579,0.461414855926,0.595195357141,0.450950159968,0.50079488674,0.535051220121,0.509868403988,0.5159869715,0.535584016579,0.560178521361,0.620144553447,0.63325179482,0.62681445495,0.51274053426,0.460227118023,0.5893037127671
"GW3018",0.4835201078171,0.360997012556,0.496921185156,0,0.4807825607512,0.414131377956,0.445230933208,0.4622158237867,0.435697030269,0.362659010836,0.462598428394,0.694408093336,0.024673695834,0.018774292908,0.42993924008,0.438372703195,0.333337461486,0.553100716216,0.395237452536,0.426380960096,0.463543978667,0.590706311474,0.469339162741,0.532693722029,0.538120408108,0.528543198832,0.564756407289,0.535344023582,0.530024433727,0.533352176386,0.568417608705,0.600733692061,0.602421394031,0.609162896296,0.4849639972711,0.526773652382,0.521418652572,0.619259885266,0.555988547321,0.540173961983,0.561933979168,0.530202814983,0.5651661083411,0.5638718444131,0.561793929093,0.5667431314861,0.754301832816,0.5689533462551,0.521432942339,0.604223777486,0.710272893716,0.52346184709,0.524731991329,0.604693230463,0.560452441017,0.522946811585,0.619888926236,0.352406524016,0.527043199822,0.521685912047,0.556757037744,0.491802405856,0.496225757666,0.454917012408,0.475600625176,0.58677774867,0.583609057549,0.508311029054,0.581132941555,0.434792208406,0.480271432651,0.4811133186806,0.449315886796,0.585423595645,0.58843319597,0.579936641648,0.4770216190897,0.452104925225,0.492482724846,0.452728854261,0.510984027498,0.447023529317,0.442115613781,0.474267953376,0.087086063866,0.443909172501,0.583541981747,0.477609718241,0.445822030807,0.487425095336,0.51546556634,0.400742626836,0.393831322916,0.446205764385,0.462578813755,0.491225231968,0.447777100026,0.481126825525,0.513491179914,0.531672108539,0.441696486831,0.512426956344,0.451894229619,0.474957263845,0.517421907905,0.554108110285,0.567692128156,0.552983634262,0.448737235873,0.550007146451,0.551308774566,0.677113671566,0.647017744916,0.4628408784347,0.721802597476,0.52164788734,0.645639653176,0.517209089885,0.421849113862,0.445594369925,0.466651123173,0.679004089766,0.444707509902,0.578488011117,0.434242813944,0.052831084436,0.518343874097,0.439867961284,0.445986528796,0.518876670555,0.543471175337,0.550144110743,0.616544448796,0.610107108926,0.496033188236,0.443519771999,0.5725963667431
"GW3030",0.0067007335179,0.4817385359952,0.4098094623952,0.4807825607512,0,0.4679931962552,0.4990927515072,0.5160776420859,0.4895588485682,0.4834005342752,0.5164602466932,0.6949768149552,0.4681274251632,0.4700329316392,0.4305079616992,0.4389414248142,0.4540789849252,0.6738422396552,0.5159789759752,0.5471224835352,0.5174057969662,0.5912750330932,0.5232009810402,0.5332624436482,0.5386891297272,0.5291119204512,0.5653251289082,0.5359127452012,0.5305931553462,0.5339208980052,0.5689863303242,0.6545955103602,0.6562832123302,0.6630247145952,0.0081446229719,0.5273423740012,0.5219873741912,0.6198286068852,0.5565572689402,0.5407426836022,0.5625027007872,0.5307715366022,0.5657348299603,0.5644405660323,0.5623626507122,0.5673118531053,0.7548705544352,0.5695220678743,0.5220016639582,0.6047924991052,0.7108416153352,0.5240305687092,0.5253007129482,0.6052619520822,0.5610211626362,0.5235155332042,0.6204576478552,0.4731480474552,0.5276119214412,0.5222546336662,0.5573257593632,0.4046906830952,0.4091140349052,0.4554857340272,0.5294624434752,0.5873464702892,0.5841777791682,0.5088797506732,0.5817016631742,0.4353609300252,0.0046179365662,0.0042939443814,0.5031777050952,0.5859923172642,0.5890019175892,0.5805053632672,0.0056528589289,0.4526736468442,0.5463445431452,0.4532975758802,0.5115527491172,0.5008853476162,0.4959774320802,0.5281297716752,0.4283069865052,0.4977709908002,0.5841107033662,0.5314715365402,0.4463907524262,0.5412869136352,0.5693273846392,0.4013113484552,0.3944000445352,0.5000675826842,0.5164406320542,0.4917939535872,0.4483458216452,0.4816955471442,0.5140599015332,0.5855339268382,0.4422652084502,0.5129956779632,0.4524629512382,0.5288190821442,0.5179906295242,0.5546768319042,0.5682608497752,0.5535523558812,0.5025990541722,0.6038689647502,0.5518774961852,0.6776823931852,0.6475864665352,0.5167026967339,0.7223713190952,0.5755097056392,0.6462083747952,0.5177778115042,0.4757109321612,0.4461630915442,0.5205129414722,0.6795728113852,0.4452762315212,0.5790567327362,0.4348115355632,0.4846562623352,0.5189125957162,0.4937297795832,0.4998483470952,0.5194453921742,0.5440398969562,0.6040059290422,0.6171131704152,0.6106758305452,0.4966019098552,0.4440884936182,0.5731650883623
"GW3047",0.4707307433211,0.4150873532,0.48413182066,0.414131377956,0.4679931962552,0,0.332761709112,0.3497465996907,0.323227806173,0.41674935148,0.350129204298,0.68161872884,0.401476242368,0.403381748844,0.417149875584,0.425583338699,0.38742780213,0.60719105686,0.44932779318,0.48047130074,0.351074754571,0.577916946978,0.356869938645,0.519904357533,0.525331043612,0.515753834336,0.551967042793,0.522554659086,0.517235069231,0.52056281189,0.555628244209,0.488264467965,0.489952169935,0.4966936722,0.4721746327751,0.513984287886,0.508629288076,0.60647052077,0.543199182825,0.527384597487,0.549144614672,0.517413450487,0.5523767438451,0.5510824799171,0.549004564597,0.5539537669901,0.74151246832,0.5561639817591,0.508643577843,0.59143441299,0.69748352922,0.510672482594,0.511942626833,0.591903865967,0.547663076521,0.510157447089,0.60709956174,0.40649686466,0.514253835326,0.508896547551,0.543967673248,0.47901304136,0.48343639317,0.442127647912,0.09745521728,0.573988384174,0.570819693053,0.495521664558,0.568343577059,0.42200284391,0.467482068155,0.4683239541846,0.3368466627,0.572634231149,0.575643831474,0.567147277152,0.4642322545937,0.439315560729,0.38001350075,0.439939489765,0.498194663002,0.334554305221,0.329646389685,0.36179872928,0.36165580371,0.331439948405,0.570752617251,0.365140494145,0.433032666311,0.10927968744,0.402996342244,0.38795326234,0.38104195842,0.333736540289,0.350109589659,0.478435867472,0.43498773553,0.468337461029,0.500701815418,0.419202884443,0.428907122335,0.499637591848,0.439104865123,0.362488039749,0.504632543409,0.541318745789,0.55490276366,0.540194269766,0.336268011777,0.437537922355,0.53851941007,0.66432430707,0.63422838042,0.3503716543387,0.70901323298,0.409178663244,0.63285028868,0.504419725389,0.309379889766,0.432805005429,0.354181899077,0.66621472527,0.431918145406,0.565698646621,0.421453449448,0.41800507954,0.505554509601,0.327398737188,0.3335173047,0.506087306059,0.530681810841,0.437674886647,0.6037550843,0.59731774443,0.48324382374,0.430730407503,0.5598070022471
"GW3065",0.5018302985731,0.446186908452,0.515231375912,0.445230933208,0.4990927515072,0.332761709112,0,0.1289826822427,0.231265536765,0.447848906732,0.25816693489,0.712718284092,0.43257579762,0.434481304096,0.448249430836,0.456682893951,0.418527357382,0.638290612112,0.480427348432,0.511570855992,0.259112485163,0.60901650223,0.264907669237,0.551003912785,0.556430598864,0.546853389588,0.583066598045,0.553654214338,0.548334624483,0.551662367142,0.586727799461,0.396302198557,0.397989900527,0.404731402792,0.5032741880271,0.545083843138,0.539728843328,0.637570076022,0.574298738077,0.558484152739,0.580244169924,0.548513005739,0.5834762990971,0.5821820351691,0.580104119849,0.5850533222421,0.772612023572,0.5872635370111,0.539743133095,0.622533968242,0.728583084472,0.541772037846,0.543042182085,0.623003421219,0.578762631773,0.541257002341,0.638199116992,0.437596419912,0.545353390578,0.539996102803,0.5750672285,0.510112596612,0.514535948422,0.473227203164,0.394230956332,0.605087939426,0.601919248305,0.52662121981,0.599443132311,0.453102399162,0.498581623407,0.4994235094366,0.244884393292,0.603733786401,0.606743386726,0.598246832404,0.4953318098457,0.470415115981,0.159249583302,0.471039045017,0.529294218254,0.086902012973,0.081994097437,0.141034811832,0.392755358962,0.011436731493,0.601852172503,0.273178224737,0.464132221563,0.406055426492,0.311034072836,0.419052817592,0.412141513672,0.028645234361,0.129345672211,0.509535422724,0.466087290782,0.499437016281,0.53180137067,0.327240615035,0.460006677587,0.5307371471,0.470204420375,0.270525770341,0.535732098661,0.572418301041,0.586002318912,0.571293825018,0.088615719529,0.345575652947,0.569618965322,0.695423862322,0.665327935672,0.1296077368907,0.740112788232,0.317216393836,0.663949843932,0.535519280641,0.217417620358,0.463904560681,0.262219629669,0.697314280522,0.463017700658,0.596798201873,0.4525530047,0.449104634792,0.536654064853,0.07974644494,0.028425998772,0.537186861311,0.561781366093,0.345712617239,0.634854639552,0.628417299682,0.514343378992,0.461829962755,0.5909065574991
"GW3068",0.5188151891518,0.4631717990307,0.5322162664907,0.4622158237867,0.5160776420859,0.3497465996907,0.1289826822427,0,0.2482504273437,0.4648337973107,0.2751518254687,0.7297031746707,0.4495606881987,0.4514661946747,0.4652343214147,0.4736677845297,0.4355122479607,0.6552755026907,0.4974122390107,0.5285557465707,0.2760973757417,0.6260013928087,0.2818925598157,0.5679888033637,0.5734154894427,0.5638382801667,0.6000514886237,0.5706391049167,0.5653195150617,0.5686472577207,0.6037126900397,0.4132870891357,0.4149747911057,0.4217162933707,0.5202590786058,0.5620687337167,0.5567137339067,0.6545549666007,0.5912836286557,0.5754690433177,0.5972290605027,0.5654978963177,0.6004611896758,0.5991669257478,0.5970890104277,0.6020382128208,0.7895969141507,0.6042484275898,0.5567280236737,0.6395188588207,0.7455679750507,0.5587569284247,0.5600270726637,0.6399883117977,0.5957475223517,0.5582418929197,0.6551840075707,0.4545813104907,0.5623382811567,0.5569809933817,0.5920521190787,0.5270974871907,0.5315208390007,0.4902120937427,0.4112158469107,0.6220728300047,0.6189041388837,0.5436061103887,0.6164280228897,0.4700872897407,0.5155665139857,0.5164084000153,0.2618692838707,0.6207186769797,0.6237282773047,0.6152317229827,0.5123167004244,0.4874000065597,0.1494248825607,0.4880239355957,0.5462791088327,0.1307752783517,0.1258673628157,0.1312101110907,0.4097402495407,0.1276609215357,0.6188370630817,0.2901631153157,0.4811171121417,0.4230403170707,0.3280189634147,0.4360377081707,0.4291264042507,0.1299575134197,0.0107941725697,0.5265203133027,0.4830721813607,0.5164219068597,0.5487862612487,0.3442255056137,0.4769915681657,0.5477220376787,0.4871893109537,0.2875106609197,0.5527169892397,0.5894031916197,0.6029872094907,0.5882787155967,0.1324889849077,0.3625605435257,0.5866038559007,0.7124087529007,0.6823128262507,0.009457047036,0.7570976788107,0.3342012844147,0.6809347345107,0.5525041712197,0.2344025109367,0.4808894512597,0.2792045202477,0.7142991711007,0.4800025912367,0.6137830924517,0.4695378952787,0.4660895253707,0.5536389554317,0.1236197103187,0.1297382778307,0.5541717518897,0.5787662566717,0.3626975078177,0.6518395301307,0.6454021902607,0.5313282695707,0.4788148533337,0.6078914480778
"GW3074",0.4922963956341,0.436653005513,0.505697472973,0.435697030269,0.4895588485682,0.323227806173,0.231265536765,0.2482504273437,0,0.438315003793,0.052912897325,0.703184381153,0.423041894681,0.424947401157,0.438715527897,0.447148991012,0.408993454443,0.628756709173,0.470893445493,0.502036953053,0.053858447598,0.599482599291,0.059653631672,0.541470009846,0.546896695925,0.537319486649,0.573532695106,0.544120311399,0.538800721544,0.542128464203,0.577193896522,0.350667185458,0.352354887428,0.359096389693,0.4937402850881,0.535549940199,0.530194940389,0.628036173083,0.564764835138,0.5489502498,0.570710266985,0.5389791028,0.5739423961581,0.5726481322301,0.57057021691,0.5755194193031,0.763078120633,0.5777296340721,0.530209230156,0.613000065303,0.719049181533,0.532238134907,0.533508279146,0.61346951828,0.569228728834,0.531723099402,0.628665214053,0.428062516973,0.535819487639,0.530462199864,0.565533325561,0.500578693673,0.505002045483,0.463693300225,0.384697053393,0.595554036487,0.592385345366,0.517087316871,0.589909229372,0.443568496223,0.489047720468,0.4898896064976,0.085997723113,0.594199883462,0.597209483787,0.588712929465,0.4857979069067,0.460881213042,0.278517328403,0.461505142078,0.519760315315,0.233058132874,0.228150217338,0.260302556933,0.383221456023,0.229943776058,0.592318269564,0.067924187172,0.454598318624,0.396521523553,0.105780035271,0.409518914653,0.402607610733,0.232240367942,0.248613417312,0.500001519785,0.456553387843,0.489903113342,0.522267467731,0.12198657747,0.450472774648,0.521203244161,0.460670517436,0.065271732776,0.526198195722,0.562884398102,0.576468415973,0.561759922079,0.23477183943,0.299940639848,0.560085062383,0.685889959383,0.655794032733,0.2488754819917,0.730578885293,0.111962356271,0.654415940993,0.525985377702,0.042930347467,0.454370657742,0.056965592104,0.687780377583,0.453483797719,0.587264298934,0.443019101761,0.439570731853,0.527120161914,0.225902564841,0.232021132353,0.527652958372,0.552247463154,0.30007760414,0.625320736613,0.618883396743,0.504809476053,0.452296059816,0.5813726545601
"GW3077",0.4861380813411,0.07687899606,0.49953915868,0.362659010836,0.4834005342752,0.41674935148,0.447848906732,0.4648337973107,0.438315003793,0,0.465216401918,0.69702606686,0.350003875248,0.351909381724,0.432557213604,0.440990676719,0.08641900901,0.46474321844,0.30687995476,0.33802346232,0.466161952191,0.593324284998,0.471957136265,0.535311695553,0.540738381632,0.531161172356,0.567374380813,0.537961997106,0.532642407251,0.53597014991,0.571035582229,0.603351665585,0.605039367555,0.61178086982,0.4875819707951,0.529391625906,0.524036626096,0.62187785879,0.558606520845,0.542791935507,0.564551952692,0.532820788507,0.5677840818651,0.5664898179371,0.564411902617,0.5693611050101,0.75691980634,0.5715713197791,0.524050915863,0.60684175101,0.71289086724,0.526079820614,0.527349964853,0.607311203987,0.563070414541,0.525564785109,0.62250689976,0.06828850752,0.529661173346,0.524303885571,0.559375011268,0.49442037938,0.49884373119,0.457534985932,0.4782185987,0.589395722194,0.586227031073,0.510929002578,0.583750915079,0.43741018193,0.482889406175,0.4837312922046,0.45193386032,0.588041569169,0.591051169494,0.582554615172,0.4796395926137,0.454722898749,0.49510069837,0.455346827785,0.513602001022,0.449641502841,0.444733587305,0.4768859269,0.31018343659,0.446527146025,0.586159955271,0.480227691765,0.448440004331,0.49004306886,0.518083539864,0.40336060036,0.39644929644,0.448823737909,0.465196787279,0.493843205492,0.45039507355,0.483744799049,0.516109153438,0.534290082063,0.444314460355,0.515044929868,0.454512203143,0.477575237369,0.520039881429,0.556726083809,0.57031010168,0.555601607786,0.451355209397,0.552625119975,0.55392674809,0.67973164509,0.64963571844,0.4654588519587,0.724420571,0.524265860864,0.6482576267,0.519827063409,0.424467087386,0.448212343449,0.469269096697,0.68162206329,0.447325483426,0.581105984641,0.436860787468,0.36653271242,0.520961847621,0.442485934808,0.44860450232,0.521494644079,0.546089148861,0.552762084267,0.61916242232,0.61272508245,0.49865116176,0.446137745523,0.5752143402671
"GW3078",0.5191977937591,0.463554403638,0.532598871098,0.462598428394,0.5164602466932,0.350129204298,0.25816693489,0.2751518254687,0.052912897325,0.465216401918,0,0.730085779278,0.449943292806,0.451848799282,0.465616926022,0.474050389137,0.435894852568,0.655658107298,0.497794843618,0.528938351178,0.010291749657,0.626383997416,0.023404373497,0.568371407971,0.57379809405,0.564220884774,0.600434093231,0.571021709524,0.565702119669,0.569029862328,0.604095294647,0.377568583583,0.379256285553,0.385997787818,0.5206416832131,0.562451338324,0.557096338514,0.654937571208,0.591666233263,0.575851647925,0.59761166511,0.565880500925,0.6008437942831,0.5995495303551,0.597471615035,0.6024208174281,0.789979518758,0.6046310321971,0.557110628281,0.639901463428,0.745950579658,0.559139533032,0.560409677271,0.640370916405,0.596130126959,0.558624497527,0.655566612178,0.454963915098,0.562720885764,0.557363597989,0.592434723686,0.527480091798,0.531903443608,0.49059469835,0.411598451518,0.622455434612,0.619286743491,0.543988714996,0.616810627497,0.470469894348,0.515949118593,0.5167910046226,0.112899121238,0.621101281587,0.624110881912,0.61561432759,0.5126993050317,0.487782611167,0.305418726528,0.488406540203,0.54666171344,0.259959530999,0.255051615463,0.287203955058,0.410122854148,0.256845174183,0.619219667689,0.052835324377,0.481499716749,0.423422921678,0.090691172476,0.436420312778,0.429509008858,0.259141766067,0.275514815437,0.52690291791,0.483454785968,0.516804511467,0.549168865856,0.106897714675,0.477374172773,0.548104642286,0.487571915561,0.029022474601,0.553099593847,0.589785796227,0.603369814098,0.588661320204,0.261673237555,0.326842037973,0.586986460508,0.712791357508,0.682695430858,0.2757768801167,0.757480283418,0.096873493476,0.681317339118,0.552886775827,0.069831745592,0.481272055867,0.020716333929,0.714681775708,0.480385195844,0.614165697059,0.469920499886,0.466472129978,0.554021560039,0.252803962966,0.258922530478,0.554554356497,0.579148861279,0.326979002265,0.652222134738,0.645784794868,0.531710874178,0.479197457941,0.6082740526851
"GW3092",0.6977143620211,0.69536406858,0.71111543936,0.694408093336,0.6949768149552,0.68161872884,0.712718284092,0.7297031746707,0.703184381153,0.69702606686,0.730085779278,0,0.681752957748,0.683658464224,0.584494293404,0.592927756519,0.66770451751,0.88746777224,0.72960450856,0.76074801612,0.731031329551,0.667711521798,0.736826513625,0.609698932353,0.615125618432,0.605548409156,0.641761617613,0.612349233906,0.607029644051,0.61035738671,0.645422819029,0.868221042945,0.869908744915,0.87665024718,0.6991582514751,0.603778862706,0.598423862896,0.69626509559,0.632993757645,0.617179172307,0.555430612732,0.607208025307,0.5586627419051,0.5573684779771,0.555290562657,0.5602397650501,0.74779846638,0.5624499798191,0.598438152663,0.68122898781,0.70376952728,0.600467057414,0.601737201653,0.681698440787,0.553949074581,0.599952021909,0.6133855598,0.68677358004,0.604048410146,0.598691122371,0.550253671308,0.70599666006,0.71042001187,0.609472065732,0.74308797606,0.663782958994,0.660614267873,0.585316239378,0.658138151879,0.58934726173,0.694465686855,0.6953075728846,0.71680323768,0.662428805969,0.665438406294,0.656941851972,0.6912158732937,0.606659978549,0.75997007573,0.607283907585,0.587989237822,0.714510880201,0.709602964665,0.74175530426,0.64193251909,0.711396523385,0.660547192071,0.745097069125,0.600377084131,0.75491244622,0.782952917224,0.47774783716,0.54838637624,0.713693115269,0.730066164639,0.568230442292,0.52478231035,0.558132035849,0.590496390238,0.799159459423,0.596251540155,0.589432166668,0.606449282943,0.742444614729,0.594427118229,0.547604743849,0.56118876172,0.546480267826,0.716224586757,0.817494497335,0.54480540813,0.67061030513,0.64051437848,0.7303282293187,0.71529923104,0.789135238224,0.63913628674,0.594214300209,0.689336464746,0.600149423249,0.734138474057,0.17294536333,0.599262563226,0.655493221441,0.588797867268,0.69828179492,0.595349084421,0.707355312168,0.71347387968,0.595881880879,0.620476385661,0.817631461627,0.61004108236,0.60360374249,0.65058824156,0.598074825323,0.5660930003071
"GW3107",0.4708649722291,0.348341876968,0.484266049568,0.024673695834,0.4681274251632,0.401476242368,0.43257579762,0.4495606881987,0.423041894681,0.350003875248,0.449943292806,0.681752957748,0,0.013924066722,0.417284104492,0.425717567607,0.320682325898,0.540445580628,0.382582316948,0.413725824508,0.450888843079,0.578051175886,0.456684027153,0.520038586441,0.52546527252,0.515888063244,0.552101271701,0.522688887994,0.517369298139,0.520697040798,0.555762473117,0.588078556473,0.589766258443,0.596507760708,0.4723088616831,0.514118516794,0.508763516984,0.606604749678,0.543333411733,0.527518826395,0.54927884358,0.517547679395,0.5525109727531,0.5512167088251,0.549138793505,0.5540879958981,0.741646697228,0.5562982106671,0.508777806751,0.591568641898,0.697617758128,0.510806711502,0.512076855741,0.592038094875,0.547797305429,0.510291675997,0.607233790648,0.339751388428,0.514388064234,0.509030776459,0.544101902156,0.479147270268,0.483570622078,0.44226187682,0.462945489588,0.574122613082,0.570953921961,0.495655893466,0.568477805967,0.422137072818,0.467616297063,0.4684581830926,0.436660751208,0.572768460057,0.575778060382,0.56728150606,0.4643664835017,0.439449789637,0.479827589258,0.440073718673,0.49832889191,0.434368393729,0.429460478193,0.461612817788,0.074430928278,0.431254036913,0.570886846159,0.464954582653,0.433166895219,0.474769959748,0.502810430752,0.388087491248,0.381176187328,0.433550628797,0.449923678167,0.47857009638,0.435121964438,0.468471689937,0.500836044326,0.519016972951,0.429041351243,0.499771820756,0.439239094031,0.462302128257,0.504766772317,0.541452974697,0.555036992568,0.540328498674,0.436082100285,0.537352010863,0.538653638978,0.664458535978,0.634362609328,0.4501857428467,0.709147461888,0.508992751752,0.632984517588,0.504553954297,0.409193978274,0.432939234337,0.453995987585,0.666348954178,0.432052374314,0.565832875529,0.421587678356,0.040175948848,0.505688738509,0.427212825696,0.433331393208,0.506221534967,0.530816039749,0.537488975155,0.603889313208,0.597451973338,0.483378052648,0.430864636411,0.5599412311551
"GW3108",0.4727704787051,0.350247383444,0.486171556044,0.018774292908,0.4700329316392,0.403381748844,0.434481304096,0.4514661946747,0.424947401157,0.351909381724,0.451848799282,0.683658464224,0.013924066722,0,0.419189610968,0.427623074083,0.322587832374,0.542351087104,0.384487823424,0.415631330984,0.452794349555,0.579956682362,0.458589533629,0.521944092917,0.527370778996,0.51779356972,0.554006778177,0.52459439447,0.519274804615,0.522602547274,0.557667979593,0.589984062949,0.591671764919,0.598413267184,0.4742143681591,0.51602402327,0.51066902346,0.608510256154,0.545238918209,0.529424332871,0.551184350056,0.519453185871,0.5544164792291,0.5531222153011,0.551044299981,0.5559935023741,0.743552203704,0.5582037171431,0.510683313227,0.593474148374,0.699523264604,0.512712217978,0.513982362217,0.593943601351,0.549702811905,0.512197182473,0.609139297124,0.341656894904,0.51629357071,0.510936282935,0.546007408632,0.481052776744,0.485476128554,0.444167383296,0.464850996064,0.576028119558,0.572859428437,0.497561399942,0.570383312443,0.424042579294,0.469521803539,0.4703636895686,0.438566257684,0.574673966533,0.577683566858,0.569187012536,0.4662719899777,0.441355296113,0.481733095734,0.441979225149,0.500234398386,0.436273900205,0.431365984669,0.463518324264,0.076336434754,0.433159543389,0.572792352635,0.466860089129,0.435072401695,0.476675466224,0.504715937228,0.389992997724,0.383081693804,0.435456135273,0.451829184643,0.480475602856,0.437027470914,0.470377196413,0.502741550802,0.520922479427,0.430946857719,0.501677327232,0.441144600507,0.464207634733,0.506672278793,0.543358481173,0.556942499044,0.54223400515,0.437987606761,0.539257517339,0.540559145454,0.666364042454,0.636268115804,0.4520912493227,0.711052968364,0.510898258228,0.634890024064,0.506459460773,0.41109948475,0.434844740813,0.455901494061,0.668254460654,0.43395788079,0.567738382005,0.423493184832,0.042081455324,0.507594244985,0.429118332172,0.435236899684,0.508127041443,0.532721546225,0.539394481631,0.605794819684,0.599357479814,0.485283559124,0.432770142887,0.5618467376311
"GW3119",0.4332455087651,0.430895215324,0.446646586104,0.42993924008,0.4305079616992,0.417149875584,0.448249430836,0.4652343214147,0.438715527897,0.432557213604,0.465616926022,0.584494293404,0.417284104492,0.419189610968,0,0.016043863423,0.403235664254,0.622998918984,0.465135655304,0.496279162864,0.466562476295,0.480792511542,0.472357660369,0.422779922097,0.428206608176,0.4186293989,0.454842607357,0.42543022365,0.420110633795,0.423438376454,0.458503808773,0.603752189689,0.605439891659,0.612181393924,0.4346893982191,0.41685985245,0.41150485264,0.509346085334,0.446074747389,0.430260162051,0.452020179236,0.420289015051,0.4552523084091,0.4539580444811,0.451880129161,0.4568293315541,0.644388032884,0.4590395463231,0.411519142407,0.494309977554,0.600359093784,0.413548047158,0.414818191397,0.494779430531,0.450538641085,0.413033011653,0.509975126304,0.422304726784,0.41712939989,0.411772112115,0.446843237812,0.441527806804,0.445951158614,0.032588172636,0.478619122804,0.476863948738,0.473695257617,0.398397229122,0.471219141623,0.012463368634,0.429996833599,0.4308387196286,0.452334384424,0.475509795713,0.478519396038,0.470022841716,0.4267470200377,0.029776085453,0.495501222474,0.030400014489,0.401070227566,0.450042026945,0.445134111409,0.477286451004,0.377463665834,0.446927670129,0.473628181815,0.480628215869,0.023493191035,0.490443592964,0.518484063968,0.290828826904,0.135825491764,0.449224262013,0.465597311383,0.381311432036,0.337863300094,0.371213025593,0.403577379982,0.534690606167,0.013878700955,0.402513156412,0.024076443743,0.477975761473,0.407508107973,0.444194310353,0.457778328224,0.44306983433,0.451755733501,0.553025644079,0.441394974634,0.567199871634,0.537103944984,0.4658593760627,0.611888797544,0.524666384968,0.535725853244,0.407295289953,0.42486761149,0.017776584049,0.469669620801,0.569090289834,0.02237867013,0.468574211185,0.011913974172,0.433812941664,0.408430074165,0.442886458912,0.449005026424,0.408962870623,0.433557375405,0.553162608371,0.506630648864,0.500193308994,0.118787959664,0.015701986123,0.4626825668111
"GW3122",0.4416789718801,0.439328678439,0.455080049219,0.438372703195,0.4389414248142,0.425583338699,0.456682893951,0.4736677845297,0.447148991012,0.440990676719,0.474050389137,0.592927756519,0.425717567607,0.427623074083,0.016043863423,0,0.411669127369,0.631432382099,0.473569118419,0.504712625979,0.47499593941,0.489225974657,0.480791123484,0.431213385212,0.436640071291,0.427062862015,0.463276070472,0.433863686765,0.42854409691,0.431871839569,0.466937271888,0.612185652804,0.613873354774,0.620614857039,0.4431228613341,0.425293315565,0.419938315755,0.517779548449,0.454508210504,0.438693625166,0.460453642351,0.428722478166,0.4636857715241,0.4623915075961,0.460313592276,0.4652627946691,0.652821495999,0.4674730094381,0.419952605522,0.502743440669,0.608792556899,0.421981510273,0.423251654512,0.503212893646,0.4589721042,0.421466474768,0.518408589419,0.430738189899,0.425562863005,0.42020557523,0.455276700927,0.449961269919,0.454384621729,0.019933028617,0.487052585919,0.485297411853,0.482128720732,0.406830692237,0.479652604738,0.008336809529,0.438430296714,0.4392721827436,0.460767847539,0.483943258828,0.486952859153,0.478456304831,0.4351804831527,0.017120941434,0.503934685589,0.01774487047,0.409503690681,0.45847549006,0.453567574524,0.485719914119,0.385897128949,0.455361133244,0.48206164493,0.489061678984,0.010838047016,0.498877056079,0.526917527083,0.299262290019,0.144258954879,0.457657725128,0.474030774498,0.389744895151,0.346296763209,0.379646488708,0.412010843097,0.543124069282,0.027801110174,0.410946619527,0.037998852962,0.486409224588,0.415941571088,0.452627773468,0.466211791339,0.451503297445,0.460189196616,0.561459107194,0.449828437749,0.575633334749,0.545537408099,0.4742928391777,0.620322260659,0.533099848083,0.544159316359,0.415728753068,0.433301074605,0.031698993268,0.478103083916,0.577523752949,0.025429328053,0.4770076743,0.014964632095,0.442246404779,0.41686353728,0.451319922027,0.457438489539,0.417396333738,0.44199083852,0.561596071486,0.515064111979,0.508626772109,0.127221422779,0.029624395342,0.4711160299261
"GW3123",0.4568165319911,0.08475701073,0.47021760933,0.333337461486,0.4540789849252,0.38742780213,0.418527357382,0.4355122479607,0.408993454443,0.08641900901,0.435894852568,0.66770451751,0.320682325898,0.322587832374,0.403235664254,0.411669127369,0,0.43542166909,0.27755840541,0.30870191297,0.436840402841,0.564002735648,0.442635586915,0.505990146203,0.511416832282,0.501839623006,0.538052831463,0.508640447756,0.503320857901,0.50664860056,0.541714032879,0.574030116235,0.575717818205,0.58245932047,0.4582604214451,0.500070076556,0.494715076746,0.59255630944,0.529284971495,0.513470386157,0.535230403342,0.503499239157,0.5384625325151,0.5371682685871,0.535090353267,0.5400395556601,0.72759825699,0.5422497704291,0.494729366513,0.57752020166,0.68356931789,0.496758271264,0.498028415503,0.577989654637,0.533748865191,0.496243235759,0.59318535041,0.07616652219,0.500339623996,0.494982336221,0.530053461918,0.46509883003,0.46952218184,0.428213436582,0.44889704935,0.560074172844,0.556905481723,0.481607453228,0.554429365729,0.40808863258,0.453567856825,0.4544097428546,0.42261231097,0.558720019819,0.561729620144,0.553233065822,0.4503180432637,0.425401349399,0.46577914902,0.426025278435,0.484280451672,0.420319953491,0.415412037955,0.44756437755,0.28086188724,0.417205596675,0.556838405921,0.450906142415,0.419118454981,0.46072151951,0.488761990514,0.37403905101,0.36712774709,0.419502188559,0.435875237929,0.464521656142,0.4210735242,0.454423249699,0.486787604088,0.504968532713,0.414992911005,0.485723380518,0.425190653793,0.448253688019,0.490718332079,0.527404534459,0.54098855233,0.526280058436,0.422033660047,0.523303570625,0.52460519874,0.65041009574,0.62031416909,0.4361373026087,0.69509902165,0.494944311514,0.61893607735,0.490505514059,0.395145538036,0.418890794099,0.439947547347,0.65230051394,0.418003934076,0.551784435291,0.407539238118,0.33721116307,0.491640298271,0.413164385458,0.41928295297,0.492173094729,0.516767599511,0.523440534917,0.58984087297,0.5834035331,0.46932961241,0.416816196173,0.5458927909171
"GW3124",0.6765797867211,0.46308122016,0.68998086406,0.553100716216,0.6738422396552,0.60719105686,0.638290612112,0.6552755026907,0.628756709173,0.46474321844,0.655658107298,0.88746777224,0.540445580628,0.542351087104,0.622998918984,0.631432382099,0.43542166909,0,0.43328736848,0.28366181408,0.656603657571,0.783765990378,0.662398841645,0.725753400933,0.731180087012,0.721602877736,0.757816086193,0.728403702486,0.723084112631,0.72641185529,0.761477287609,0.793793370965,0.795481072935,0.8022225752,0.6780236761751,0.719833331286,0.714478331476,0.81231956417,0.749048226225,0.733233640887,0.754993658072,0.723262493887,0.7582257872451,0.7569315233171,0.754853607997,0.7598028103901,0.94736151172,0.7620130251591,0.714492621243,0.79728345639,0.90333257262,0.716521525994,0.717791670233,0.797752909367,0.753512119921,0.716006490489,0.81294860514,0.45449073162,0.720102878726,0.714745590951,0.749816716648,0.68486208476,0.68928543657,0.647976691312,0.66866030408,0.779837427574,0.776668736453,0.701370707958,0.774192620459,0.62785188731,0.673331111555,0.6741729975846,0.6423755657,0.778483274549,0.781492874874,0.772996320552,0.6700812979937,0.645164604129,0.68554240375,0.645788533165,0.704043706402,0.640083208221,0.635175292685,0.66732763228,0.50062514197,0.636968851405,0.776601660651,0.670669397145,0.638881709711,0.68048477424,0.708525245244,0.59380230574,0.58689100182,0.639265443289,0.655638492659,0.684284910872,0.64083677893,0.674186504429,0.706550858818,0.724731787443,0.634756165735,0.705486635248,0.644953908523,0.668016942749,0.710481586809,0.747167789189,0.76075180706,0.746043313166,0.641796914777,0.743066825355,0.74436845347,0.87017335047,0.84007742382,0.6559005573387,0.91486227638,0.714707566244,0.83869933208,0.710268768789,0.614908792766,0.638654048829,0.659710802077,0.87206376867,0.637767188806,0.771547690021,0.627302492848,0.5569744178,0.711403553001,0.632927640188,0.6390462077,0.711936349459,0.736530854241,0.743203789647,0.8096041277,0.80316678783,0.68909286714,0.636579450903,0.7656560456471
